[476. 691. 679. 462. 707. 488. 504. 717.]
[555. 231. 691. 507. 656. 524. 520. 248.]
[314. 514. 690. 242. 757. 333. 381. 605.]
[323.   8. 586. 257. 554. 291. 291.  42.]
[317. 514. 469. 786. 424. 811. 272. 539.]
[729. 245. 978. 395. 960. 426. 711. 276.]
[372. 295. 589.  44. 619.  70. 402. 321.]
[ 34. 482. 271. 249. 299. 277.  62. 510.]
[296. 213. 427. 454. 393. 472. 262. 231.]
[465. 620. 679. 784. 660. 809. 446. 645.]
[281. 445. 589. 657. 552. 710. 244. 498.]
[476. 691. 679. 462. 707. 488. 504. 717.]
[ 75. 447. 261. 736. 218. 764.  32. 475.]
[469.  29. 752. 237. 730. 268. 447.  60.]
[ 774.  410. 1051.  225. 1071.  255.  794.  440.]
[285. 233. 528.   3. 552.  28. 309. 258.]
[ 909.  361. 1195.  573. 1172.  604.  886.  392.]
[ 847.  423. 1146.  651. 1122.  682.  823.  454.]
[466. 605. 740. 420. 761. 450. 487. 635.]
[171. 805. 452. 618. 472. 648. 191. 835.]
[148.  39. 276. 309. 245. 324. 117.  54.]
[352. 327. 603. 550. 577. 580. 326. 357.]
[628.  -9. 863. 209. 839. 235. 604.  16.]
[ 36. 519. 388. 141. 445. 194.  93. 572.]
[ 896.  725. 1137.  472. 1175.  508.  934.  761.]
[ 896.  725. 1137.  472. 1175.  508.  934.  761.]
[243. 411. 587. 142. 628. 194. 284. 463.]
[ 822.  656. 1065.  398. 1101.  433.  858.  691.]
[ 42. 319. 269. 485. 249. 512.  22. 346.]
[750. 313. 944. 136. 983. 178. 789. 355.]
[ 32. 253. 204.  78. 229. 102.  57. 277.]
[634. 708. 950. 563. 965. 595. 649. 740.]
[351. 755. 547. 555. 572. 578. 376. 778.]
[266. 698. 402. 787. 383. 815. 247. 726.]
[159. 297. 464. 161. 480. 196. 175. 332.]
[265. 619. 523. 783. 506. 810. 248. 646.]
[263. 344. 424. 646. 388. 665. 227. 363.]
[ 82. 479. 289. 247. 323. 278. 116. 510.]
[632. 229. 822. 366. 807. 386. 617. 249.]
[678. 565. 774. 451. 793. 466. 697. 580.]
[540. 418. 795. 589. 771. 625. 516. 454.]
[602. 309. 860. 479. 837. 514. 579. 344.]
[687. 579. 932. 465. 946. 494. 701. 608.]
[482. 487. 679. 764. 639. 792. 442. 515.]
[149.  37. 366. 336. 328. 364. 111.  65.]
[560.  96. 799. 359. 763. 391. 524. 128.]
[ 907.  224. 1128.  522. 1086.  553.  865.  255.]
[157. 512. 257. 640. 230. 661. 130. 533.]
[297. 681. 403. 805. 376. 828. 270. 704.]
[176. 278. 482. 510. 451. 551. 145. 319.]
[524. 675. 816. 492. 843. 536. 551. 719.]
[ 712.  614. 1014.  690. 1005.  727.  703.  651.]
[ 757.  360. 1077.  685. 1020.  741.  700.  416.]
[ 94. 600. 368. 730. 353. 763.  79. 633.]
[419.  42. 574. 329. 530. 353. 375.  66.]
[400.  72. 607. 200. 589. 229. 382. 101.]
[ 842.   38. 1041.  265. 1009.  293.  810.   66.]
[757. 125. 961. 352. 926. 384. 722. 157.]
[575. 299. 825. 100. 854. 136. 604. 335.]
[502. 193. 758. -11. 781.  18. 525. 223.]
[576. 740. 627. 705. 639. 723. 588. 758.]
[ 68.  46. 328. 261. 303. 291.  43.  76.]
[380. 296. 593.  43. 619.  65. 406. 318.]
[157. 626. 415. 424. 444. 461. 186. 663.]
[ 80. 519. 337. 320. 365. 356. 108. 555.]
[388.  27. 630. 157. 615. 186. 373.  56.]
[ 761.  338. 1014.  132. 1042.  167.  789.  373.]
[170. 264. 529. 423. 511. 463. 152. 304.]
[217. 544. 634. 215. 688. 283. 271. 612.]
[217. 544. 634. 215. 688. 283. 271. 612.]
[137. 274. 347. 165. 356. 183. 146. 292.]
[402. 480. 564. 711. 533. 733. 371. 502.]
[137. 119. 300. 334. 268. 358. 105. 143.]
[193. 576. 506. 428. 522. 461. 209. 609.]
[571. 653. 816. 785. 802. 812. 557. 680.]
[434. 162. 781. 501. 725. 559. 378. 220.]
[386. 213. 609.  34. 635.  66. 412. 245.]
[ 70. 478. 303. 292. 327. 323.  94. 509.]
[583. 363. 780. 636. 742. 664. 545. 391.]
[197.  24. 382. 281. 354. 301. 169.  44.]
[319.  97. 566. 271. 546. 300. 299. 126.]
[ 783.  299. 1058.  503. 1030.  542.  755.  338.]
[666. 281. 920.  24. 959.  62. 705. 319.]
[380.  17. 693. 239. 669. 272. 356.  50.]
[666. 281. 920.  24. 959.  62. 705. 319.]
[380.  17. 693. 239. 669. 272. 356.  50.]
[638. 686. 841. 494. 867. 521. 664. 713.]
[128. 334. 568.  35. 635. 133. 195. 432.]
[267.  80. 685. 487. 580. 595. 162. 188.]
[ 807.  399. 1039.  612. 1012.  642.  780.  429.]
[726. 355. 869. 628. 825. 652. 682. 379.]
[199. 344. 345. 642. 298. 665. 152. 367.]
[661.  25. 977. 375. 918. 428. 602.  78.]
[638. 686. 841. 494. 867. 521. 664. 713.]
[307.   6. 476. 301. 414. 337. 245.  42.]
[ 801.  480. 1077.  299. 1104.  341.  828.  522.]
[357. 463. 568. 259. 594. 286. 383. 490.]
[432. 482. 611. 760. 573. 785. 394. 507.]
[451. 361. 621. 572. 592. 594. 422. 383.]
[276. 403. 519. 172. 561. 216. 318. 447.]
[341. 711. 615. 310. 676. 352. 402. 753.]
[657. 300. 828.  52. 862.  75. 691. 323.]
[ 785.  324. 1000.  100. 1028.  127.  813.  351.]
[407. 334. 785. 171. 802. 209. 424. 372.]
[546. 147. 874. 383. 835. 438. 507. 202.]
[213. 460. 427. 231. 454. 257. 240. 486.]
[ 86. 442. 325. 184. 361. 217. 122. 475.]
[510.  51. 708. 304. 669. 334. 471.  81.]
[716. 314. 912. 562. 871. 595. 675. 347.]
[662. 314. 928.  28. 979.  75. 713. 361.]
[ 78. 635. 354. 319. 385. 346. 109. 662.]
[ 873.  340. 1047.   51. 1084.   73.  910.  362.]
[353. 136. 612. 412. 564. 457. 305. 181.]
[697. 659. 952. 408. 980. 436. 725. 687.]
[701.  52. 977. 228. 952. 267. 676.  91.]
[379. 700. 498. 787. 482. 809. 363. 722.]
[833. 735. 947. 526. 976. 542. 862. 751.]
[249. 430. 706. 698. 640. 811. 183. 543.]
[ 45. 442. 288. 135. 332. 169.  89. 476.]
[707. 493. 933. 684. 888. 738. 662. 547.]
[345. -12. 813. 384. 700. 516. 232. 119.]
[ 35. 427. 568. 743. 512. 838. -20. 522.]
[328. 740. 537. 647. 549. 673. 340. 766.]
[583. 363. 780. 636. 742. 664. 545. 391.]
[598. 325. 831.  60. 881. 104. 648. 369.]
[536. 191. 731. -16. 767.  18. 572. 226.]
[541. 140. 842.  15. 856.  47. 555. 172.]
[149.  37. 366. 336. 328. 364. 111.  65.]
[429. 329. 535. 450. 512. 470. 406. 349.]
[532. 733. 760. 411. 821. 454. 593. 776.]
[432. 237. 662. 521. 619. 556. 389. 272.]
[425. 427. 743. 621. 722. 656. 404. 462.]
[ 79. 327. 276. 121. 302. 146. 105. 352.]
[479. 523. 910. 294. 956. 382. 525. 611.]
[257. 435. 564. 680. 536. 716. 229. 471.]
[646. 284. 814. 662. 775. 679. 607. 301.]
[ 86. 442. 325. 184. 361. 217. 122. 475.]
[328. 614. 766. 134. 897. 253. 459. 733.]
[452. 190. 649. 568. 587. 601. 390. 223.]
[ 924.  197. 1078.  499. 1029.  524.  875.  222.]
[ 809.  757. 1054.  492. 1082.  518.  837.  783.]
[325. 276. 709. 704. 642. 765. 258. 337.]
[279. 650. 585. 504. 606. 547. 300. 693.]
[ 648.  254. 1003.  335.  995.  373.  640.  292.]
[657. 322. 950. 598. 920. 631. 627. 355.]
[210. 541. 447. 286. 485. 322. 248. 577.]
[218. 610. 515. 149. 599. 203. 302. 664.]
[387. 510. 582. 651. 566. 673. 371. 532.]
[221. 617. 372. 268. 422. 290. 271. 639.]
[118. 405. 355. 685. 307. 726.  70. 446.]
[707. 224. 899. 371. 884. 391. 692. 244.]
[360. 336. 506. 608. 463. 631. 317. 359.]
[763. 370. 933. 119. 966. 141. 796. 392.]
[520. 180. 782. 546. 737. 579. 475. 213.]
[603. 112. 813. 490. 750. 525. 540. 147.]
[229. 519. 591. 285. 614. 320. 252. 554.]
[436. 239. 719. 495. 667. 552. 384. 296.]
[449. 594. 624. 746. 608. 765. 433. 613.]
[360. 336. 506. 608. 463. 631. 317. 359.]
[327. 651. 483. 307. 534. 330. 378. 674.]
[418. 301. 541.   2. 575.  16. 452. 315.]
[467.  72. 750. 341. 716. 377. 433. 108.]
[ 36. 519. 388. 141. 445. 194.  93. 572.]
[ 767.   10. 1086.  195. 1060.  239.  741.   54.]
[172. 409. 449. 164. 489. 210. 212. 455.]
[386. 620. 645. 336. 677. 365. 418. 649.]
[621. 391. 736. 609. 710. 622. 595. 404.]
[274. 571. 580. 805. 555. 838. 249. 604.]
[489. 425. 636. 152. 672. 172. 525. 445.]
[601. 607. 823. 824. 794. 854. 572. 637.]
[181. 468. 498. 108. 558. 161. 241. 521.]
[362. 728. 475. 458. 507. 471. 394. 741.]
[239. 398. 386. 103. 422. 121. 275. 416.]
[ 694.  482.  969.  149. 1023.  193.  748.  526.]
[378. 326. 648. 596. 605. 639. 335. 369.]
[376. 332. 517.  15. 553.  31. 412. 348.]
[119. 535. 423. 330. 460. 384. 156. 589.]
[502. 193. 758. -11. 781.  18. 525. 223.]
[134. 339. 408. 541. 377. 582. 103. 380.]
[201. 203. 355. 509. 312. 530. 158. 224.]
[496. 373. 607.  99. 645. 114. 534. 388.]
[ 355.  645.  908.  277. 1006.  424.  453.  792.]
[526. 111. 805. 425. 753. 472. 474. 158.]
[291. 501. 547. 250. 570. 274. 314. 525.]
[555. 231. 691. 507. 656. 524. 520. 248.]
[701. 534. 755. 667. 730. 677. 676. 544.]
[366. 480. 698. 266. 721. 301. 389. 515.]
[177. 625. 645. 246. 692. 304. 224. 683.]
[311.  81. 609. 638. 542. 674. 244. 117.]
[510. 180. 639. 436. 611. 451. 482. 195.]
[547. 300. 743. 444. 728. 465. 532. 321.]
[277. 369. 352. 536. 322. 550. 247. 383.]
[475. 364. 635. 571. 614. 587. 454. 380.]
[ 21. 598. 427.  12. 584. 121. 178. 707.]
[289. 692. 594. 369. 646. 417. 341. 740.]
[ 950.  272. 1046.   84. 1067.   95.  971.  283.]
[671. 343. 795. 567. 772. 580. 648. 356.]
[704. 766. 896. 371. 961. 403. 769. 798.]
[ 780.  341. 1068.   80. 1097.  112.  809.  373.]
[407. 644. 497. 489. 514. 499. 424. 654.]
[529. 329. 642.  58. 680.  74. 567. 345.]
[496. 178. 597.  49. 625.  71. 524. 200.]
[179.  30. 428. 388. 392. 413. 143.  55.]
[327. 193. 481. 607. 394. 640. 240. 226.]
[690. 343. 958.  53. 989.  82. 721. 372.]
[521.  89. 902. 220. 880. 284. 499. 153.]
[636. 392. 745. 192. 771. 207. 662. 407.]
[547. 214. 834. 519. 766. 583. 479. 278.]
[664. 198. 963. 399. 927. 453. 628. 252.]
[ 732.  695.  983.  442. 1009.  468.  758.  721.]
[216. 367. 473. 111. 517. 156. 260. 412.]
[256. 730. 368. 450. 405. 465. 293. 745.]
[ 795.  116. 1005.  450.  952.  483.  742.  149.]
[233. 412. 627. 749. 588. 795. 194. 458.]
[506. 695. 751. 171. 839. 212. 594. 736.]
[ 866.  538. 1049.  432. 1063.  455.  880.  561.]
[ 833.  222. 1095.  256. 1090.  289.  828.  255.]
[418. 301. 541.   2. 575.  16. 452. 315.]
[ 97. 457. 373. 187. 418. 234. 142. 504.]
[753. 676. 807. 809. 782. 819. 728. 686.]
[460. 194. 771. 406. 733. 461. 422. 249.]
[621. 550. 807. 214. 856. 241. 670. 577.]
[227. 343. 860. 614. 786. 788. 153. 517.]
[516.  -4. 621. 236. 573. 258. 468.  17.]
[199. 263. 622.  85. 650. 150. 227. 328.]
[223.  47. 581. 127. 572. 168. 214.  88.]
[230. 348. 490. 797. 433. 831. 173. 382.]
[680. 734. 816. 427. 853. 443. 717. 750.]
[352. 327. 603. 550. 577. 580. 326. 357.]
[ 460.  162. 1024.  401.  995.  469.  431.  230.]
[270. 265. 849. 414. 831. 484. 252. 335.]
[477. 321. 704. 567. 666. 602. 439. 356.]
[313.  67. 633. 383. 586. 430. 266. 114.]
[395. 537. 698. 611. 690. 644. 387. 570.]
[371. 614. 550. 658. 546. 673. 367. 629.]
[393. 231. 521. 477. 484. 496. 356. 250.]
[396. 418. 733. 626. 705. 671. 368. 463.]
[1064.   44. 1195.  487. 1081.  521.  950.   78.]
[234. 535. 839. 261. 907. 412. 302. 686.]
[776. 401. 881. 136. 921. 152. 816. 417.]
[ 959.  744. 1050.  443. 1090.  455.  999.  756.]
[419. 559. 790. 263. 834. 318. 463. 614.]
[419.  71. 727. 429. 668. 480. 360. 122.]
[471.   0. 907.  69. 892. 165. 456.  96.]
[395. 539. 469. 370. 502. 384. 428. 553.]
[276. 403. 519. 172. 561. 216. 318. 447.]
[ 796.  273. 1006.  116. 1043.  164.  833.  321.]
[700. 250. 855. 388. 837. 407. 682. 269.]
[482.  58. 748. 343. 717. 371. 451.  86.]
[ 50.  79. 328. 323. 283. 374.   5. 130.]
[157. 624. 408. 103. 474. 135. 223. 656.]
[236. 463. 630. 517. 621. 582. 227. 528.]
[540. 418. 795. 589. 771. 625. 516. 454.]
[129. 211. 192. 762. 122. 770.  59. 219.]
[152. 419. 285.  80. 337. 100. 204. 439.]
[354. 612. 931. 303. 969. 373. 392. 682.]
[361. 601. 453. 801. 420. 816. 328. 616.]
[680. 500. 957. 253. 991. 291. 714. 538.]
[664. 198. 963. 399. 927. 453. 628. 252.]
[418. 677. 722. 338. 783. 392. 479. 731.]
[ 767.   10. 1086.  195. 1060.  239.  741.   54.]
[614. 553. 796. 217. 845. 244. 663. 580.]
[413.  20. 871. 507. 750. 621. 292. 134.]
[647. 295. 852. 621. 816. 644. 611. 318.]
[ 56.  35. 130. 248. 107. 256.  33.  43.]
[ 736.  270. 1019.  401. 1005.  431.  722.  300.]
[763. 370. 933. 119. 966. 141. 796. 392.]
[501. 203. 591. 456. 550. 470. 460. 217.]
[590. 568. 838. 742. 817. 771. 569. 597.]
[523. 155. 913. 455. 868. 514. 478. 214.]
[552. 750. 695. 444. 731. 461. 588. 767.]
[296. 213. 427. 454. 393. 472. 262. 231.]
[426. 215. 670. 446. 633. 486. 389. 255.]
[386. 581. 730. 783. 701. 832. 357. 630.]
[ 842.   38. 1041.  265. 1009.  293.  810.   66.]
[210. 541. 447. 286. 485. 322. 248. 577.]
[216. 367. 473. 111. 517. 156. 260. 412.]
[145. 305. 385. 496. 360. 526. 120. 335.]
[253. 332. 492. 590. 464. 617. 225. 359.]
[148. 537. 218. 375. 249. 388. 179. 550.]
[265. 427. 460.  15. 518.  42. 323. 454.]
[387. 548. 537. 283. 576. 305. 426. 570.]
[575. 286. 710. 382. 690. 411. 555. 315.]
[325. 276. 709. 704. 642. 765. 258. 337.]
[456.  46. 610. 178. 599. 191. 445.  59.]
[536.  71. 764. 586. 625. 648. 397. 133.]
[461. 192. 732. 575. 676. 615. 405. 232.]
[532. 733. 760. 411. 821. 454. 593. 776.]
[123. 404. 404. 139. 432. 169. 151. 434.]
[137. 119. 300. 334. 268. 358. 105. 143.]
[166. 611. 619. 228. 665. 282. 212. 665.]
[ 864.  727.  964.  421. 1003.  434.  903.  740.]
[308. 246. 649.  22. 685.  77. 344. 301.]
[520. 362. 804. 594. 763. 645. 479. 413.]
[538. 477. 618. 312. 653. 328. 573. 493.]
[390. 290. 676. 544. 621. 607. 335. 353.]
[407. 401. 523. 265. 552. 290. 436. 426.]
[331. 462. 469.  96. 524. 117. 386. 483.]
[ 960.  764. 1090.  620. 1103.  633.  973.  777.]
[272. 491. 395. 142. 433. 156. 310. 505.]
[621. 306. 850. 182. 866. 211. 637. 335.]
[699. 613. 816. 409. 860. 434. 743. 638.]
[1042.  160. 1126.   69. 1149.   91. 1065.  182.]
[799.  83. 924. 217. 900. 240. 775. 106.]
[298. 467. 506. 289. 533. 320. 325. 498.]
[638. 593. 732. 232. 789. 246. 695. 607.]
[593. 143. 746. 534. 676. 562. 523. 171.]
[545. 259. 844. 501. 806. 548. 507. 306.]
[ 894.  791. 1013.  409. 1069.  426.  950.  808.]
[394. 348. 834. 187. 855. 245. 415. 406.]
[541. 628. 823. 760. 810. 789. 528. 657.]
[413. 417. 598. 544. 584. 564. 399. 437.]
[700. 250. 855. 388. 837. 407. 682. 269.]
[662. 417. 979. 723. 933. 770. 616. 464.]
[365. 352. 609.  55. 648.  87. 404. 384.]
[ 876.  743.  974.  407. 1013.  418.  915.  754.]
[694. 647. 868. 358. 901. 378. 727. 667.]
[441. 210. 614.  19. 634.  37. 461. 228.]
[152. 419. 285.  80. 337. 100. 204. 439.]
[671. 343. 795. 567. 772. 580. 648. 356.]
[101. 268. 206. 414. 180. 433.  75. 287.]
[344. 514. 653. 572. 647. 605. 338. 547.]
[304. 560. 921. 465. 931. 535. 314. 630.]
[590. 452. 633. 507. 613. 523. 570. 468.]
[706. 437. 820. 236. 845. 250. 731. 451.]
[709. 545. 816. 188. 874. 206. 767. 563.]
[334. 477. 648. 582. 633. 626. 319. 521.]
[ 17. 172. 345. 217. 338. 263.  10. 218.]
[298. 624. 353. 362. 395. 371. 340. 633.]
[807. 326. 901. 497. 856. 521. 762. 350.]
[ 83. 398. 174. 670. 138. 683.  47. 411.]
[749. 187. 902. 320. 888. 336. 735. 203.]
[199. 344. 345. 642. 298. 665. 152. 367.]
[ 82. 586. 317. 777. 281. 821.  46. 630.]
[ 857.  346. 1127.  632. 1098.  659.  828.  373.]
[374. 239. 585. 378. 569. 402. 358. 263.]
[ 87. 738. 351. 450. 392. 487. 128. 775.]
[173. 356. 281.  83. 310.  95. 202. 368.]
[189. 120. 385. 309. 364. 331. 168. 142.]
[801. 238. 971. 590. 912. 619. 742. 267.]
[ 924.   36. 1030.  403.  995.  413.  889.   46.]
[326. 398. 862. 532. 843. 609. 307. 475.]
[280. 271. 439. 438. 399. 476. 240. 309.]
[310. 163. 582. 195. 579. 226. 307. 194.]
[ 603.  305.  946.   68. 1004.  152.  661.  389.]
[245. 217. 875. 424. 824. 578. 194. 371.]
[750. 313. 944. 136. 983. 178. 789. 355.]
[511. 142. 637.   3. 672.  35. 546. 174.]
[174. 427. 471. 177. 515. 230. 218. 480.]
[156. 532. 385. 598. 377. 627. 148. 561.]
[216. 367. 473. 111. 517. 156. 260. 412.]
[354.  54. 578. 159. 565. 187. 341.  82.]
[ 355.  645.  908.  277. 1006.  424.  453.  792.]
[706. 437. 820. 236. 845. 250. 731. 451.]
[111. 219. 399.  63. 420. 102. 132. 258.]
[602. 309. 860. 479. 837. 514. 579. 344.]
[381. 396. 638. 626. 594. 675. 337. 445.]
[100. 140. 511. -93. 589.  43. 178. 277.]
[ 32. 253. 204.  78. 229. 102.  57. 277.]
[546. 306. 704. 507. 681. 525. 523. 324.]
[ 429.    3. 1106.  323. 1028.  488.  351.  168.]
[434. 609. 706. 654. 697. 708. 425. 663.]
[553. 616. 811. 294. 862. 335. 604. 657.]
[417. 656. 490. 106. 574. 117. 501. 667.]
[442. 292. 665. 111. 693. 145. 470. 326.]
[372. 331. 655. 494. 627. 542. 344. 379.]
[273. 610. 535.  64. 596.  93. 334. 639.]
[647. 393. 952. 665. 902. 722. 597. 450.]
[109. 551. 300. 598. 296. 614. 105. 567.]
[313.  67. 633. 383. 586. 430. 266. 114.]
[393. 231. 521. 477. 484. 496. 356. 250.]
[388. 154. 543. 610. 481. 631. 326. 175.]
[ 80. 390. 382.  70. 429. 115. 127. 435.]
[227. 343. 860. 614. 786. 788. 153. 517.]
[282. 146. 593. 384. 547. 445. 236. 207.]
[173. 356. 281.  83. 310.  95. 202. 368.]
[547. 563. 723. 158. 766. 176. 590. 581.]
[459. 207. 652.  87. 676. 126. 483. 246.]
[280. 271. 439. 438. 399. 476. 240. 309.]
[523. 155. 913. 455. 868. 514. 478. 214.]
[ 87. 275. 435.  92. 462. 144. 114. 327.]
[394. 137. 739. 614. 607. 710. 262. 233.]
[510. 180. 639. 436. 611. 451. 482. 195.]
[538. 175. 852. 199. 849. 230. 535. 206.]
[801. 238. 971. 590. 912. 619. 742. 267.]
[564. 759. 820. 220. 887. 252. 631. 791.]
[107. 382. 540. 161. 594. 267. 161. 488.]
[245. 485. 576.  15. 694.  98. 363. 568.]
[ 837.  431. 1049.  661. 1020.  688.  808.  458.]
[ 796.  273. 1006.  116. 1043.  164.  833.  321.]
[188. 412. 742. 106. 819. 245. 265. 551.]
[128. 334. 568.  35. 635. 133. 195. 432.]
[712. 750. 794. 584. 827. 599. 745. 765.]
[1064.   44. 1195.  487. 1081.  521.  950.   78.]
[556. 319. 692. 414. 677. 436. 541. 341.]
[252. 254. 530. 532. 499. 563. 221. 285.]
[ 894.  791. 1013.  409. 1069.  426.  950.  808.]
[294. 624. 475. 122. 595. 165. 414. 667.]
[471.   0. 907.  69. 892. 165. 456.  96.]
[ 842.   38. 1041.  265. 1009.  293.  810.   66.]
[558. 392. 638. 252. 667. 269. 587. 409.]
[496. 373. 607.  99. 645. 114. 534. 388.]
[154. 402. 342. 758. 267. 797.  79. 441.]
[362. 728. 475. 458. 507. 471. 394. 741.]
[ 847.  423. 1146.  651. 1122.  682.  823.  454.]
[538. 477. 618. 312. 653. 328. 573. 493.]
[677. 260. 905.  39. 938.  73. 710. 294.]
[140. 649. 243. 384. 283. 400. 180. 665.]
[612. 367. 734. 728. 679. 746. 557. 385.]
[354. 623. 744. 188. 863. 294. 473. 729.]
[308. 554. 537. 693. 511. 735. 282. 596.]
[302. 572. 502. 234. 557. 267. 357. 605.]
[1013.  340. 1137.  130. 1162.  145. 1038.  355.]
[ 52. 512. 127. 239. 161. 249.  86. 522.]
[522. 280. 828.  17. 869.  65. 563. 328.]
[614. 553. 796. 217. 845. 244. 663. 580.]
[757. 125. 961. 352. 926. 384. 722. 157.]
[460. 194. 771. 406. 733. 461. 422. 249.]
[239. 398. 386. 103. 422. 121. 275. 416.]
[683.   9. 893. 449. 836. 476. 626.  36.]
[419. 523. 826.  19. 964. 130. 557. 634.]
[372. 342. 707. 113. 745. 169. 410. 398.]
[216. 367. 473. 111. 517. 156. 260. 412.]
[621. 391. 736. 609. 710. 622. 595. 404.]
[510.  51. 708. 304. 669. 334. 471.  81.]
[407. 353. 515. 475. 494. 494. 386. 372.]
[232. 444. 860. 314. 893. 475. 265. 605.]
[ 630.  409. 1024.  416. 1023.  454.  629.  447.]
[417. 642. 653. 114. 732. 149. 496. 677.]
[ 50. 333. 121. 400. 105. 416.  34. 349.]
[ 613.  741.  877.  218. 1024.  292.  760.  815.]
[307. 226. 623. 671. 566. 711. 250. 266.]
[ 91. 228. 669. 510. 604. 643.  26. 361.]
[471.   0. 907.  69. 892. 165. 456.  96.]
[402. 654. 518.  68. 613.  87. 497. 673.]
[398. 662. 662. 125. 733. 159. 469. 696.]
[635. 107. 844. 191. 816. 262. 607. 178.]
[ 23. 360. 100. 451.  78. 469.   1. 378.]
[657. 300. 828.  52. 862.  75. 691. 323.]
[418. 181. 548. 184. 547. 206. 417. 203.]
[243. 490. 334. 336. 352. 347. 261. 501.]
[700. 602. 764. 115. 857. 127. 793. 614.]
[635. 107. 844. 191. 816. 262. 607. 178.]
[318. 220. 785. 244. 781. 315. 314. 291.]
[281. 445. 589. 657. 552. 710. 244. 498.]
[191. 403. 278. 283. 302. 300. 215. 420.]
[331. 426. 400.  73. 452.  83. 383. 436.]
[154. 402. 342. 758. 267. 797.  79. 441.]
[308. 554. 537. 693. 511. 735. 282. 596.]
[471.   0. 907.  69. 892. 165. 456.  96.]
[332. 339. 390. 136. 441. 150. 383. 353.]
[  3. 584. 112. 193. 176. 211.  67. 602.]
[696.  85. 862. 514. 781. 546. 615. 117.]
[510. 180. 639. 436. 611. 451. 482. 195.]
[748. 698. 803. 621. 823. 635. 768. 712.]
[181. 280. 490. 519. 444. 579. 135. 340.]
[129. 429. 360. 167. 398. 200. 167. 462.]
[462. 601. 752. 335. 781. 366. 491. 632.]
[434. 609. 706. 654. 697. 708. 425. 663.]
[388. 154. 543. 610. 481. 631. 326. 175.]
[103. 523. 146. 363. 164. 368. 121. 528.]
[807. 326. 901. 497. 856. 521. 762. 350.]
[ 26. 751. 307. 427. 343. 458.  62. 782.]
[727. 645. 804. 216. 912. 236. 835. 665.]
[326. 367. 422. 419. 411. 440. 315. 388.]
[214. 234. 298. 116. 321. 133. 237. 251.]
[281. 445. 589. 657. 552. 710. 244. 498.]
[255. 265. 524. 617. 466. 662. 197. 310.]
[657.  87. 679. 636. 526. 642. 504.  93.]
[199. 344. 345. 642. 298. 665. 152. 367.]
[291. 501. 547. 250. 570. 274. 314. 525.]
[471.   0. 907.  69. 892. 165. 456.  96.]
[ 583.  163. 1055.  704.  922.  820.  450.  279.]
[317. 261. 447. 549. 398. 572. 268. 284.]
[ 969.  210. 1037.  603.  998.  609.  930.  216.]
[635. 107. 844. 191. 816. 262. 607. 178.]
[ 355.  645.  908.  277. 1006.  424.  453.  792.]
[100. 140. 511. -93. 589.  43. 178. 277.]
[546. 306. 704. 507. 681. 525. 523. 324.]
[807. 326. 901. 497. 856. 521. 762. 350.]
[414. 737. 589. 546. 611. 566. 436. 757.]
[628. 540. 664. 196. 699. 199. 663. 543.]
[629. 790. 878. 246. 950. 279. 701. 823.]
[255. 522. 465. 236. 524. 279. 314. 565.]
[542. 682. 702. 150. 771. 171. 611. 703.]
[387. 510. 582. 651. 566. 673. 371. 532.]
[657.  87. 679. 636. 526. 642. 504.  93.]
[398.  52. 679.  68. 675. 133. 394. 117.]
[ 842.   38. 1041.  265. 1009.  293.  810.   66.]
[327. 651. 483. 307. 534. 330. 378. 674.]
[ 930.  375. 1044.  128. 1077.  144.  963.  391.]
[ 62. 369. 305. 257. 319. 288.  76. 400.]
[536.  71. 764. 586. 625. 648. 397. 133.]
[ 861.  202. 1170.  222. 1168.  257.  859.  237.]
[381. 513. 514. 132. 572. 152. 439. 533.]
[417. 642. 653. 114. 732. 149. 496. 677.]
[1007.  207. 1046.  451. 1016.  456.  977.  212.]
[503.  32. 625. 253. 600. 267. 478.  46.]
[388. 154. 543. 610. 481. 631. 326. 175.]
[610. 720. 676. 131. 823. 147. 757. 736.]
[231. 488. 415.  37. 490.  67. 306. 518.]
[284. 493. 336. 651. 321. 656. 269. 498.]
[1007.  207. 1046.  451. 1016.  456.  977.  212.]
[516. 151. 736. 602. 659. 640. 439. 189.]
[274. 571. 580. 805. 555. 838. 249. 604.]
[293. 441. 315. 777. 276. 780. 254. 444.]
[ 78. 635. 354. 319. 385. 346. 109. 662.]
[446. 227. 643. 426. 617. 452. 420. 253.]
[157. 626. 415. 424. 444. 461. 186. 663.]
[421. 279. 447. 431. 418. 436. 392. 284.]
[249. 430. 706. 698. 640. 811. 183. 543.]
[205. 434. 314. 135. 354. 149. 245. 448.]
[109. 501. 409. 577. 400. 612. 100. 536.]
[637. 724. 652. 435. 690. 437. 675. 726.]
[418. 301. 541.   2. 575.  16. 452. 315.]
[380. 296. 593.  43. 619.  65. 406. 318.]
[ 801.  206. 1018.  312. 1006.  337.  789.  231.]
[227. 343. 860. 614. 786. 788. 153. 517.]
[276. 241. 410. 366. 395. 382. 261. 257.]
[363. 218. 431. 244. 422. 265. 354. 239.]
[ 748.  145. 1116.   -8. 1139.   44.  771.  198.]
[540. 384. 666. 747. 613. 765. 487. 402.]
[380. 215. 619. 483. 577. 520. 338. 252.]
[138. 572. 349. 316. 377. 339. 166. 595.]
[570. 502. 689. 272. 745. 301. 626. 531.]
[821. 362. 872. 169. 894. 175. 843. 368.]
[516. 151. 736. 602. 659. 640. 439. 189.]
[696. 717. 719. 500. 747. 502. 724. 719.]
[ 309.  331.  994.   61. 1060.  228.  375.  498.]
[510.  51. 708. 304. 669. 334. 471.  81.]
[286.  83. 641.  31. 649.  80. 294. 132.]
[276. 241. 410. 366. 395. 382. 261. 257.]
[434. 609. 706. 654. 697. 708. 425. 663.]
[222. 353. 491. 242. 507. 280. 238. 391.]
[ 645.  548. 1021.  562. 1020.  603.  644.  589.]
[119. 213. 695. 224. 694. 288. 118. 277.]
[272.  83. 290. 426. 253. 428. 235.  85.]
[216. 367. 473. 111. 517. 156. 260. 412.]
[182. 360. 733. 474. 701. 629. 150. 515.]
[205. 354. 294. 633. 270. 641. 181. 362.]
[226. 607. 526. 298. 573. 344. 273. 653.]
[ 75. 447. 261. 736. 218. 764.  32. 475.]
[506.  -2. 894. 293. 851. 350. 463.  54.]
[850. 264. 947. 784. 791. 813. 694. 293.]
[657.  87. 679. 636. 526. 642. 504.  93.]
[ 979.  189. 1021.  445.  992.  450.  950.  194.]
[ 65. 552. 111. 156. 156. 161. 110. 557.]
[628.  -9. 863. 209. 839. 235. 604.  16.]
[ 613.  741.  877.  218. 1024.  292.  760.  815.]
[ 80. 519. 337. 320. 365. 356. 108. 555.]
[328. 314. 541. 456. 525. 479. 312. 337.]
[116. 284. 694. 289. 693. 353. 115. 348.]
[432. 482. 611. 760. 573. 785. 394. 507.]
[ 964.  138. 1001.   45. 1021.   53.  984.  146.]
[161. 227. 508. 296. 498. 346. 151. 277.]
[449. 594. 624. 746. 608. 765. 433. 613.]
[179.  30. 428. 388. 392. 413. 143.  55.]
[545. 259. 844. 501. 806. 548. 507. 306.]
[364. 594. 611. 337. 641. 365. 394. 622.]
[240. 183. 253.  73. 279.  76. 266. 186.]
[647. 393. 952. 665. 902. 722. 597. 450.]
[ 80. 390. 382.  70. 429. 115. 127. 435.]
[389. 527. 539. 330. 590. 368. 440. 565.]
[929.  45. 960. 316. 922. 320. 891.  49.]
[280. 271. 439. 438. 399. 476. 240. 309.]
[520. 362. 804. 594. 763. 645. 479. 413.]
[ 23. 407. 718. 288. 746. 450.  51. 569.]
[ 380.  486. 1146.  413. 1163.  589.  397.  662.]
[417. 656. 490. 106. 574. 117. 501. 667.]
[ 79. 327. 276. 121. 302. 146. 105. 352.]
[394. 348. 834. 187. 855. 245. 415. 406.]
[294. 624. 475. 122. 595. 165. 414. 667.]
[378. 532. 804. 116. 905. 219. 479. 635.]
[329. 340. 331.  11. 398.  11. 396. 340.]
[837. 605. 893. 123. 974. 132. 918. 614.]
[537. 323. 949. 355. 942. 438. 530. 406.]
[697. 117. 845. 574. 762. 600. 614. 143.]
[520. 180. 782. 546. 737. 579. 475. 213.]
[328. 314. 541. 456. 525. 479. 312. 337.]
[475. 364. 635. 571. 614. 587. 454. 380.]
[ 26. 794. 105. 122. 197. 133. 118. 805.]
[440. 590. 466. 159. 535. 163. 509. 594.]
[426. 215. 670. 446. 633. 486. 389. 255.]
[144. 555. 242. 365. 267. 378. 169. 568.]
[432. 482. 611. 760. 573. 785. 394. 507.]
[433.  96. 903. 486. 832. 571. 362. 181.]
[108. 608. 110. 329. 151. 329. 149. 608.]
[434. 609. 706. 654. 697. 708. 425. 663.]
[1090.  373. 1098.  314. 1127.  318. 1119.  377.]
[572. 451. 609. 129. 653. 134. 616. 456.]
[ 79. 327. 276. 121. 302. 146. 105. 352.]
[145. 305. 385. 496. 360. 526. 120. 335.]
[699. 613. 816. 409. 860. 434. 743. 638.]
[719. 696. 776. 494. 794. 499. 737. 701.]
[319.  97. 566. 271. 546. 300. 299. 126.]
[477. 321. 704. 567. 666. 602. 439. 356.]
[  1. 383. 233.  89. 276. 122.  44. 416.]
[ 809.  757. 1054.  492. 1082.  518.  837.  783.]
[465. 620. 679. 784. 660. 809. 446. 645.]
[602. 125. 765. 475. 725. 494. 562. 144.]
[120. 343. 456. 195. 479. 248. 143. 396.]
[135. 410. 448. 270. 474. 327. 161. 467.]
[638. 369. 751.  86. 791. 102. 678. 385.]
[ 963.  143. 1003.  519.  942.  526.  902.  150.]
[248. 352. 342. 567. 311. 581. 217. 366.]
[354. 623. 744. 188. 863. 294. 473. 729.]
[288. 269. 366. 148. 391. 164. 313. 285.]
[396. 332. 410. 675. 371. 677. 357. 334.]
[232. 203. 759. 161. 765. 234. 238. 276.]
[660. 266. 685. 443. 651. 447. 626. 270.]
[306. 697. 473. 219. 549. 246. 382. 724.]
[276. 241. 410. 366. 395. 382. 261. 257.]
[108. 608. 110. 329. 151. 329. 149. 608.]
[830. 543. 875. 797. 849. 802. 804. 548.]
[193. 576. 506. 428. 522. 461. 209. 609.]
[456.  46. 610. 178. 599. 191. 445.  59.]
[393. 450. 557. 587. 522. 629. 358. 492.]
[595. 391. 963. 203. 998. 272. 630. 460.]
[346. 128. 573. 670. 447. 723. 220. 181.]
[ 23. 407. 718. 288. 746. 450.  51. 569.]
[590. 568. 838. 742. 817. 771. 569. 597.]
[ 630.  409. 1024.  416. 1023.  454.  629.  447.]
[270. 265. 849. 414. 831. 484. 252. 335.]
[117. 595. 152. 641. 138. 652. 103. 606.]
[152. 551. 202. 367. 221. 372. 171. 556.]
[276. 241. 410. 366. 395. 382. 261. 257.]
[433.  96. 903. 486. 832. 571. 362. 181.]
[318. 220. 785. 244. 781. 315. 314. 291.]
[189. 120. 385. 309. 364. 331. 168. 142.]
[749. 187. 902. 320. 888. 336. 735. 203.]
[127. 638. 438.  74. 592. 159. 281. 723.]
[807. 326. 901. 497. 856. 521. 762. 350.]
[181. 468. 498. 108. 558. 161. 241. 521.]
[137. 119. 300. 334. 268. 358. 105. 143.]
[100. 140. 511. -93. 589.  43. 178. 277.]
[469.  29. 752. 237. 730. 268. 447.  60.]
[103. 523. 146. 363. 164. 368. 121. 528.]
[712. 750. 794. 584. 827. 599. 745. 765.]
[575. 299. 825. 100. 854. 136. 604. 335.]
[378. 532. 804. 116. 905. 219. 479. 635.]
[245. 217. 875. 424. 824. 578. 194. 371.]
[ 595.  403.  960.   11. 1028.   74.  663.  466.]
[170. 496. 192. 724. 139. 729. 117. 501.]
[657.  87. 679. 636. 526. 642. 504.  93.]
[348. 419. 497.  69. 547.  90. 398. 440.]
[462. 601. 752. 335. 781. 366. 491. 632.]
[326. 398. 862. 532. 843. 609. 307. 475.]
[308. 554. 537. 693. 511. 735. 282. 596.]
[ 780.  341. 1068.   80. 1097.  112.  809.  373.]
[475. 364. 635. 571. 614. 587. 454. 380.]
[475. 364. 635. 571. 614. 587. 454. 380.]
[308. 545. 309. 493. 333. 494. 332. 546.]
[392. 259. 394. 571. 357. 572. 355. 260.]
[338. 684. 517. 727. 513. 743. 334. 700.]
[633. 612. 813. 325. 848. 347. 668. 634.]
[497. 742. 620. 432. 674. 453. 551. 763.]
[595. 391. 963. 203. 998. 272. 630. 460.]
[ 85. 371. 224. 587. 168. 624.  29. 408.]
[648. 196. 883. 508. 833. 545. 598. 233.]
[550. 518. 561. 709. 539. 711. 528. 520.]
[757. 125. 961. 352. 926. 384. 722. 157.]
[206. 172. 350. 248. 329. 287. 185. 211.]
[463. 473. 610. 115. 680. 144. 533. 502.]
[663. 695. 739. 527. 772. 542. 696. 710.]
[689. 402. 713. 450. 690. 461. 666. 413.]
[361. 461. 774. 464. 774. 528. 361. 525.]
[632. 229. 822. 366. 807. 386. 617. 249.]
[345. -12. 813. 384. 700. 516. 232. 119.]
[ 693.  630. 1001.  713.  992.  747.  684.  664.]
[652. 757. 727. 629. 767. 652. 692. 780.]
[236. 463. 630. 517. 621. 582. 227. 528.]
[621. 458. 665. 222. 718. 231. 674. 467.]
[471.   0. 907.  69. 892. 165. 456.  96.]
[707. 224. 899. 371. 884. 391. 692. 244.]
[545. 259. 844. 501. 806. 548. 507. 306.]
[460.  77. 486. 464. 399. 470. 373.  83.]
[536.  71. 764. 586. 625. 648. 397. 133.]
[546. 225. 625. 120. 649. 138. 570. 243.]
[614. 553. 796. 217. 845. 244. 663. 580.]
[276. 241. 410. 366. 395. 382. 261. 257.]
[603. 112. 813. 490. 750. 525. 540. 147.]
[194.  60. 243. 438. 201. 443. 152.  65.]
[ 80. 390. 382.  70. 429. 115. 127. 435.]
[216. 367. 473. 111. 517. 156. 260. 412.]
[697. 117. 845. 574. 762. 600. 614. 143.]
[208. 765. 420. 219. 525. 260. 313. 806.]
[216. 367. 473. 111. 517. 156. 260. 412.]
[334. 477. 648. 582. 633. 626. 319. 521.]
[ 42. 319. 269. 485. 249. 512.  22. 346.]
[393. 231. 521. 477. 484. 496. 356. 250.]
[ 966.  610. 1067.  510. 1093.  537.  992.  637.]
[707. 224. 899. 371. 884. 391. 692. 244.]
[  3. 584. 112. 193. 176. 211.  67. 602.]
[341. 711. 615. 310. 676. 352. 402. 753.]
[313. 538. 345. 178. 404. 183. 372. 543.]
[210. 116. 244. 453. 207. 457. 173. 120.]
[272. 678. 390.  67. 497.  87. 379. 698.]
[ 50.  79. 328. 323. 283. 374.   5. 130.]
[299. 216. 727. 307. 714. 367. 286. 276.]
[116. 284. 694. 289. 693. 353. 115. 348.]
[366. 480. 698. 266. 721. 301. 389. 515.]
[440. 590. 466. 159. 535. 163. 509. 594.]
[447. 501. 664. 781. 612. 822. 395. 542.]
[311.  81. 609. 638. 542. 674. 244. 117.]
[100. 140. 511. -93. 589.  43. 178. 277.]
[1110.  389. 1127.  730. 1079.  732. 1062.  391.]
[403.  70. 695.  37. 698.  71. 406. 104.]
[432. 237. 662. 521. 619. 556. 389. 272.]
[666. 281. 920.  24. 959.  62. 705. 319.]
[281. 445. 589. 657. 552. 710. 244. 498.]
[469.  29. 752. 237. 730. 268. 447.  60.]
[303. 587. 573. 262. 628. 308. 358. 633.]
[ 966.  610. 1067.  510. 1093.  537.  992.  637.]
[635. 107. 844. 191. 816. 262. 607. 178.]
[178. 465. 665. 393. 677. 476. 190. 548.]
[ 88. 272. 777. 677. 677. 847. -11. 442.]
[127. 638. 438.  74. 592. 159. 281. 723.]
[114. 726. 518. 503. 553. 565. 149. 788.]
[697. 659. 952. 408. 980. 436. 725. 687.]
[372. 295. 589.  44. 619.  70. 402. 321.]
[152. 299. 242. 603. 207. 614. 117. 310.]
[154. 320. 555.  74. 595. 139. 194. 385.]
[660. 266. 685. 443. 651. 447. 626. 270.]
[366. 748. 760. 319. 847. 399. 453. 828.]
[203. 566. 602.  49. 726. 145. 327. 662.]
[489. 425. 636. 152. 672. 172. 525. 445.]
[ 32. 253. 204.  78. 229. 102.  57. 277.]
[530. 713. 739. 197. 805. 224. 596. 740.]
[503. 153. 572. 592. 496. 604. 427. 165.]
[276. 403. 519. 172. 561. 216. 318. 447.]
[335. 114. 666. 182. 654. 245. 323. 177.]
[ 81. 400. 313. 136. 350. 169. 118. 433.]
[471.   0. 907.  69. 892. 165. 456.  96.]
[438. 413. 682. 187. 713. 220. 469. 446.]
[663. 695. 739. 527. 772. 542. 696. 710.]
[ 795.  116. 1005.  450.  952.  483.  742.  149.]
[276. 241. 410. 366. 395. 382. 261. 257.]
[ 959.  744. 1050.  443. 1090.  455.  999.  756.]
[547. 214. 834. 519. 766. 583. 479. 278.]
[684. 160. 963. 465. 897. 525. 618. 220.]
[638.  81. 821. 457. 761. 486. 578. 110.]
[126. 357. 209. 241. 233. 258. 150. 374.]
[545. 259. 844. 501. 806. 548. 507. 306.]
[218. 610. 515. 149. 599. 203. 302. 664.]
[447. 501. 664. 781. 612. 822. 395. 542.]
[127. 638. 438.  74. 592. 159. 281. 723.]
[267.  80. 685. 487. 580. 595. 162. 188.]
[657. 322. 950. 598. 920. 631. 627. 355.]
[464. 585. 629. 207. 699. 238. 534. 616.]
[469.  29. 752. 237. 730. 268. 447.  60.]
[302. 495. 439.  13. 523.  36. 386. 518.]
[406. 642. 408. 488. 449. 489. 447. 643.]
[304. 298. 556. 535. 521. 573. 269. 336.]
[178. 465. 665. 393. 677. 476. 190. 548.]
[457.  -2. 884. 241. 826. 344. 399. 100.]
[657.  87. 679. 636. 526. 642. 504.  93.]
[389. 609. 737. 781. 708. 838. 360. 666.]
[526. 111. 805. 425. 753. 472. 474. 158.]
[ 753.   26. 1215.  577. 1076.  693.  614.  142.]
[510.  51. 708. 304. 669. 334. 471.  81.]
[ -6. 484.  97. 393. 122. 423.  18. 514.]
[667. 585. 855. 346. 898. 380. 710. 619.]
[ 45. 442. 288. 135. 332. 169.  89. 476.]
[374. 239. 585. 378. 569. 402. 358. 263.]
[189. 120. 385. 309. 364. 331. 168. 142.]
[699. 660. 735. 257. 782. 261. 746. 664.]
[522. 280. 828.  17. 869.  65. 563. 328.]
[711. 814. 724. 505. 772. 507. 759. 816.]
[266. 698. 402. 787. 383. 815. 247. 726.]
[166. 611. 619. 228. 665. 282. 212. 665.]
[546. 225. 625. 120. 649. 138. 570. 243.]
[166. 611. 619. 228. 665. 282. 212. 665.]
[400. 187. 561. 600. 479. 632. 318. 219.]
[149.  37. 366. 336. 328. 364. 111.  65.]
[331. 426. 400.  73. 452.  83. 383. 436.]
[667. 585. 855. 346. 898. 380. 710. 619.]
[255. 522. 465. 236. 524. 279. 314. 565.]
[ 42. 319. 269. 485. 249. 512.  22. 346.]
[461. 192. 732. 575. 676. 615. 405. 232.]
[657. 300. 828.  52. 862.  75. 691. 323.]
[378. 326. 648. 596. 605. 639. 335. 369.]
[ 50. 333. 121. 400. 105. 416.  34. 349.]
[144. 667. 284. 328. 331. 348. 191. 687.]
[474. 200. 753. 452. 705. 505. 426. 253.]
[182. 360. 733. 474. 701. 629. 150. 515.]
[388. 309. 920. 432. 903. 508. 371. 385.]
[ 429.    3. 1106.  323. 1028.  488.  351.  168.]
[299. 216. 727. 307. 714. 367. 286. 276.]
[638.  81. 821. 457. 761. 486. 578. 110.]
[101. 268. 206. 414. 180. 433.  75. 287.]
[ 46. 389.  98. 470.  77. 484.  25. 403.]
[460. 194. 771. 406. 733. 461. 422. 249.]
[501. 203. 591. 456. 550. 470. 460. 217.]
[388. 154. 543. 610. 481. 631. 326. 175.]
[495. 294. 634. 561. 600. 579. 461. 312.]
[ 969.  210. 1037.  603.  998.  609.  930.  216.]
[285. 233. 528.   3. 552.  28. 309. 258.]
[220. 370. 255.  62. 337.  71. 302. 379.]
[276. 241. 410. 366. 395. 382. 261. 257.]
[571. 170. 613.  87. 636.  99. 594. 182.]
[540. 384. 666. 747. 613. 765. 487. 402.]
[545. 259. 844. 501. 806. 548. 507. 306.]
[524. 662. 681. 440. 705. 457. 548. 679.]
[465. 620. 679. 784. 660. 809. 446. 645.]
[639. 332. 725. 188. 766. 213. 680. 357.]
[463. 473. 610. 115. 680. 144. 533. 502.]
[697. 117. 845. 574. 762. 600. 614. 143.]
[ 88. 498. 124. 347. 175. 359. 139. 510.]
[601. 510. 660.  23. 746.  33. 687. 520.]
[103. 523. 146. 363. 164. 368. 121. 528.]
[228. 104. 266. 491. 201. 497. 163. 110.]
[407. 401. 523. 265. 552. 290. 436. 426.]
[639. 332. 725. 188. 766. 213. 680. 357.]
[300. 209. 751. 492. 709. 558. 258. 275.]
[ 23. 407. 718. 288. 746. 450.  51. 569.]
[197.  24. 382. 281. 354. 301. 169.  44.]
[471. 657. 686.  91. 766. 122. 551. 688.]
[199. 344. 345. 642. 298. 665. 152. 367.]
[593. 172. 982. 173. 982. 235. 593. 234.]
[ 36. 519. 388. 141. 445. 194.  93. 572.]
[1018.  692. 1070.  533. 1101.  543. 1049.  702.]
[639. 332. 725. 188. 766. 213. 680. 357.]
[354. 612. 931. 303. 969. 373. 392. 682.]
[389. 565. 548. 134. 618. 160. 459. 591.]
[877. 183. 964. 744. 866. 760. 779. 199.]
[571. 170. 613.  87. 636.  99. 594. 182.]
[394. 348. 834. 187. 855. 245. 415. 406.]
[ 761.  338. 1014.  132. 1042.  167.  789.  373.]
[ 898.  640. 1020.  177. 1133.  207. 1011.  670.]
[413. 417. 598. 544. 584. 564. 399. 437.]
[633. 679. 739. 550. 768. 574. 662. 703.]
[386. 620. 645. 336. 677. 365. 418. 649.]
[1022.  276. 1031.  102. 1051.  103. 1042.  277.]
[697. 659. 952. 408. 980. 436. 725. 687.]
[311.  81. 609. 638. 542. 674. 244. 117.]
[707. 224. 899. 371. 884. 391. 692. 244.]
[120. 343. 456. 195. 479. 248. 143. 396.]
[136. 427. 608. 289. 627. 354. 155. 492.]
[364. 594. 611. 337. 641. 365. 394. 622.]
[516. 151. 736. 602. 659. 640. 439. 189.]
[ 663.  329. 1141.  373. 1134.  442.  656.  398.]
[316.  31. 559. 215. 533. 248. 290.  64.]
[ 85. 371. 224. 587. 168. 624.  29. 408.]
[449. 594. 624. 746. 608. 765. 433. 613.]
[ 17. 172. 345. 217. 338. 263.  10. 218.]
[410. 245. 671. 398. 641. 450. 380. 297.]
[ 355.  645.  908.  277. 1006.  424.  453.  792.]
[520. 362. 804. 594. 763. 645. 479. 413.]
[ 42. 319. 269. 485. 249. 512.  22. 346.]
[1003.  680. 1170.  741. 1156.  777.  989.  716.]
[419. 559. 790. 263. 834. 318. 463. 614.]
[467.  72. 750. 341. 716. 377. 433. 108.]
[272. 678. 390.  67. 497.  87. 379. 698.]
[ 78. 635. 354. 319. 385. 346. 109. 662.]
[639. 332. 725. 188. 766. 213. 680. 357.]
[799.  83. 924. 217. 900. 240. 775. 106.]
[247. 530. 649. 485. 658. 563. 256. 608.]
[302. 495. 439.  13. 523.  36. 386. 518.]
[ 82. 586. 317. 777. 281. 821.  46. 630.]
[ 583.  163. 1055.  704.  922.  820.  450.  279.]
[705. 808. 765. 620. 812. 635. 752. 823.]
[394. 137. 739. 614. 607. 710. 262. 233.]
[354. 623. 744. 188. 863. 294. 473. 729.]
[ 460.  162. 1024.  401.  995.  469.  431.  230.]
[830. 543. 875. 797. 849. 802. 804. 548.]
[ 801.  480. 1077.  299. 1104.  341.  828.  522.]
[502. 193. 758. -11. 781.  18. 525. 223.]
[537. 273. 652. 611. 592. 632. 477. 294.]
[477. 321. 704. 567. 666. 602. 439. 356.]
[ 380.  486. 1146.  413. 1163.  589.  397.  662.]
[388. 309. 920. 432. 903. 508. 371. 385.]
[545. 259. 844. 501. 806. 548. 507. 306.]
[177. 625. 645. 246. 692. 304. 224. 683.]
[426. 215. 670. 446. 633. 486. 389. 255.]
[506.  -2. 894. 293. 851. 350. 463.  54.]
[177. 625. 645. 246. 692. 304. 224. 683.]
[560.  96. 799. 359. 763. 391. 524. 128.]
[ 694.  482.  969.  149. 1023.  193.  748.  526.]
[244. 587. 556.  15. 699.  94. 387. 666.]
[745. 476. 796.  43. 864.  51. 813. 484.]
[1013.  340. 1137.  130. 1162.  145. 1038.  355.]
[503.  32. 625. 253. 600. 267. 478.  46.]
[547. 563. 723. 158. 766. 176. 590. 581.]
[ 75. 447. 261. 736. 218. 764.  32. 475.]
[386. 581. 730. 783. 701. 832. 357. 630.]
[303. 587. 573. 262. 628. 308. 358. 633.]
[274. 571. 580. 805. 555. 838. 249. 604.]
[ 71. 171. 282. 512. 230. 544.  19. 203.]
[400.  72. 607. 200. 589. 229. 382. 101.]
[107. 382. 540. 161. 594. 267. 161. 488.]
[552. 750. 695. 444. 731. 461. 588. 767.]
[277. 369. 352. 536. 322. 550. 247. 383.]
[850. 264. 947. 784. 791. 813. 694. 293.]
[325. 362. 848.  63. 884. 125. 361. 424.]
[433.  96. 903. 486. 832. 571. 362. 181.]
[111. 526. 589. 111. 642. 171. 164. 586.]
[166. 611. 619. 228. 665. 282. 212. 665.]
[496. 178. 597.  49. 625.  71. 524. 200.]
[667. 585. 855. 346. 898. 380. 710. 619.]
[621. 550. 807. 214. 856. 241. 670. 577.]
[204. 560. 241. 358. 291. 367. 254. 569.]
[636. 392. 745. 192. 771. 207. 662. 407.]
[329. 340. 331.  11. 398.  11. 396. 340.]
[ 34. 522.  49. 338.  83. 341.  68. 525.]
[ 79. 327. 276. 121. 302. 146. 105. 352.]
[388. 154. 543. 610. 481. 631. 326. 175.]
[137. 274. 347. 165. 356. 183. 146. 292.]
[331. 540. 373. 223. 422. 229. 380. 546.]
[ 34. 522.  49. 338.  83. 341.  68. 525.]
[456.  46. 610. 178. 599. 191. 445.  59.]
[267.  80. 685. 487. 580. 595. 162. 188.]
[352. 327. 603. 550. 577. 580. 326. 357.]
[670. 513. 896. 400. 907. 422. 681. 535.]
[247. 691. 360. 394. 398. 408. 285. 705.]
[419. 559. 790. 263. 834. 318. 463. 614.]
[545. 259. 844. 501. 806. 548. 507. 306.]
[537. 273. 652. 611. 592. 632. 477. 294.]
[460. 194. 771. 406. 733. 461. 422. 249.]
[419.  71. 727. 429. 668. 480. 360. 122.]
[360. 336. 506. 608. 463. 631. 317. 359.]
[593. 658. 852. 798. 832. 835. 573. 695.]
[680. 500. 957. 253. 991. 291. 714. 538.]
[ 19. 512. 103. 567.  82. 599.  -1. 544.]
[475. 364. 635. 571. 614. 587. 454. 380.]
[293. 441. 315. 777. 276. 780. 254. 444.]
[546. 306. 704. 507. 681. 525. 523. 324.]
[603. 327. 606.  20. 648.  20. 645. 327.]
[568. 799. 624. 312. 751. 326. 695. 813.]
[412. 138. 457. 115. 467. 135. 422. 158.]
[662. 314. 928.  28. 979.  75. 713. 361.]
[ 63. 216.  96. 152. 120. 165.  87. 229.]
[556. 425. 562. 238. 579. 238. 573. 425.]
[ 25. 455. 116. 144. 162. 158.  71. 469.]
[325. 121. 929. 244. 912. 328. 308. 205.]
[  7. 615. 323. 134. 440. 210. 124. 691.]
[473. 599. 767. 411. 794. 452. 500. 640.]
[103. 523. 146. 363. 164. 368. 121. 528.]
[138. 572. 349. 316. 377. 339. 166. 595.]
[303. 587. 573. 262. 628. 308. 358. 633.]
[529. 329. 642.  58. 680.  74. 567. 345.]
[ 613.  741.  877.  218. 1024.  292.  760.  815.]
[ 335.  320. 1011.  560.  954.  719.  278.  479.]
[612. 367. 734. 728. 679. 746. 557. 385.]
[119. 535. 423. 330. 460. 384. 156. 589.]
[332. 200. 670. 198. 671. 265. 333. 267.]
[157. 512. 257. 640. 230. 661. 130. 533.]
[446. 227. 643. 426. 617. 452. 420. 253.]
[ 963.  143. 1003.  519.  942.  526.  902.  150.]
[354. 623. 744. 188. 863. 294. 473. 729.]
[331. 426. 400.  73. 452.  83. 383. 436.]
[475. 364. 635. 571. 614. 587. 454. 380.]
[ 84. 634. 305. 381. 339. 411. 118. 664.]
[280. 271. 439. 438. 399. 476. 240. 309.]
[276. 241. 410. 366. 395. 382. 261. 257.]
[321. 289. 365.  77. 390.  82. 346. 294.]
[680. 734. 816. 427. 853. 443. 717. 750.]
[188. 412. 742. 106. 819. 245. 265. 551.]
[306. 697. 473. 219. 549. 246. 382. 724.]
[741. 644. 891. 376. 910. 387. 760. 655.]
[474. 200. 753. 452. 705. 505. 426. 253.]
[409.   7. 684. 287. 634. 336. 359.  56.]
[123. 404. 404. 139. 432. 169. 151. 434.]
[ 34. 482. 271. 249. 299. 277.  62. 510.]
[ 692.  583.  968.  315. 1019.  368.  743.  636.]
[510. 180. 639. 436. 611. 451. 482. 195.]
[211. 295. 574. 270. 580. 346. 217. 371.]
[239. 398. 386. 103. 422. 121. 275. 416.]
[ 50.  79. 328. 323. 283. 374.   5. 130.]
[565.   4. 884. 112. 870. 153. 551.  45.]
[345. -12. 813. 384. 700. 516. 232. 119.]
[392. 561. 774. 480. 787. 540. 405. 621.]
[ 68.  46. 328. 261. 303. 291.  43.  76.]
[434. 162. 781. 501. 725. 559. 378. 220.]
[266. 589. 629. 227. 703. 302. 340. 664.]
[602. 708. 950. 528. 981. 589. 633. 769.]
[829. 378. 834.  87. 888.  87. 883. 378.]
[389. 565. 548. 134. 618. 160. 459. 591.]
[670. 513. 896. 400. 907. 422. 681. 535.]
[152. 551. 202. 367. 221. 372. 171. 556.]
[667. 585. 855. 346. 898. 380. 710. 619.]
[ 35. 427. 568. 743. 512. 838. -20. 522.]
[265. 619. 523. 783. 506. 810. 248. 646.]
[416. 127. 844. 333. 811. 402. 383. 196.]
[236. 463. 630. 517. 621. 582. 227. 528.]
[382. 125. 473.  12. 495.  30. 404. 143.]
[647. 295. 852. 621. 816. 644. 611. 318.]
[302. 572. 502. 234. 557. 267. 357. 605.]
[352. 327. 603. 550. 577. 580. 326. 357.]
[ 65. 552. 111. 156. 156. 161. 110. 557.]
[177. 625. 645. 246. 692. 304. 224. 683.]
[ 23. 407. 718. 288. 746. 450.  51. 569.]
[177. 625. 645. 246. 692. 304. 224. 683.]
[  7. 615. 323. 134. 440. 210. 124. 691.]
[532. 733. 760. 411. 821. 454. 593. 776.]
[657.  87. 679. 636. 526. 642. 504.  93.]
[464. 585. 629. 207. 699. 238. 534. 616.]
[529. 329. 642.  58. 680.  74. 567. 345.]
[676. 278. 804.   6. 857.  31. 729. 303.]
[580. 399. 635. 147. 661. 152. 606. 404.]
[601. 607. 823. 824. 794. 854. 572. 637.]
[406. 331. 622.  68. 649.  90. 433. 353.]
[293. 608. 775. 246. 818. 303. 336. 665.]
[156. 806. 230. 599. 269. 613. 195. 820.]
[279. 650. 585. 504. 606. 547. 300. 693.]
[ 97. 457. 373. 187. 418. 234. 142. 504.]
[553. 616. 811. 294. 862. 335. 604. 657.]
[228. 104. 266. 491. 201. 497. 163. 110.]
[244. 587. 556.  15. 699.  94. 387. 666.]
[217. 544. 634. 215. 688. 283. 271. 612.]
[ 663.  329. 1141.  373. 1134.  442.  656.  398.]
[157. 624. 408. 103. 474. 135. 223. 656.]
[317. 261. 447. 549. 398. 572. 268. 284.]
[201. 203. 355. 509. 312. 530. 158. 224.]
[657.  87. 679. 636. 526. 642. 504.  93.]
[638. 686. 841. 494. 867. 521. 664. 713.]
[ 802.  769. 1113.  417. 1173.  470.  862.  822.]
[716. 314. 912. 562. 871. 595. 675. 347.]
[388. 309. 920. 432. 903. 508. 371. 385.]
[326. 222. 698.  56. 723. 111. 351. 277.]
[339. 287. 513. 604. 454. 636. 280. 319.]
[208. 765. 420. 219. 525. 260. 313. 806.]
[724. 708. 807. 576. 835. 593. 752. 725.]
[501. 203. 591. 456. 550. 470. 460. 217.]
[382. 174. 418. 590. 355. 595. 319. 179.]
[296. 213. 427. 454. 393. 472. 262. 231.]
[325. 276. 709. 704. 642. 765. 258. 337.]
[590. 568. 838. 742. 817. 771. 569. 597.]
[210. 621. 666. 263. 715. 326. 259. 684.]
[257. 435. 564. 680. 536. 716. 229. 471.]
[436. 534. 679. 133. 745. 173. 502. 574.]
[ 380.  486. 1146.  413. 1163.  589.  397.  662.]
[973.  40. 999. 280. 970. 283. 944.  43.]
[ 966.  610. 1067.  510. 1093.  537.  992.  637.]
[179.  30. 428. 388. 392. 413. 143.  55.]
[522. 517. 533. 329. 551. 330. 540. 518.]
[ 791.  225.  999.  160. 1012.  202.  804.  267.]
[465. 620. 679. 784. 660. 809. 446. 645.]
[632. 229. 822. 366. 807. 386. 617. 249.]
[152. 551. 202. 367. 221. 372. 171. 556.]
[177. 625. 645. 246. 692. 304. 224. 683.]
[573. 657. 833. 786. 820. 814. 560. 685.]
[639. 332. 725. 188. 766. 213. 680. 357.]
[ 80. 390. 382.  70. 429. 115. 127. 435.]
[363. 218. 431. 244. 422. 265. 354. 239.]
[807. 326. 901. 497. 856. 521. 762. 350.]
[556. 425. 562. 238. 579. 238. 573. 425.]
[520. 136. 866.  -3. 881.  33. 535. 173.]
[177. 447. 438. 225. 478. 272. 217. 494.]
[ 736.  270. 1019.  401. 1005.  431.  722.  300.]
[547. 300. 743. 444. 728. 465. 532. 321.]
[456.  46. 610. 178. 599. 191. 445.  59.]
[418. 677. 722. 338. 783. 392. 479. 731.]
[ 813.  705.  918.  253. 1000.  272.  895.  724.]
[475. 364. 635. 571. 614. 587. 454. 380.]
[316.  31. 559. 215. 533. 248. 290.  64.]
[254. 636. 314.  47. 411.  57. 351. 646.]
[416. 351. 562.  34. 595.  50. 449. 367.]
[352. 327. 603. 550. 577. 580. 326. 357.]
[397. 163. 678. 749. 516. 826. 235. 240.]
[ 21. 598. 427.  12. 584. 121. 178. 707.]
[467.  72. 750. 341. 716. 377. 433. 108.]
[543. 429. 596. 587. 582. 592. 529. 434.]
[503. 153. 572. 592. 496. 604. 427. 165.]
[250. 470. 379.  29. 461.  53. 332. 494.]
[536. 191. 731. -16. 767.  18. 572. 226.]
[582. 631. 777. 429. 805. 456. 610. 658.]
[635. 107. 844. 191. 816. 262. 607. 178.]
[ 41. 435. 275. 257. 302. 292.  68. 470.]
[556. 319. 692. 414. 677. 436. 541. 341.]
[100. 140. 511. -93. 589.  43. 178. 277.]
[546. 225. 625. 120. 649. 138. 570. 243.]
[ 979.  189. 1021.  445.  992.  450.  950.  194.]
[107. 382. 540. 161. 594. 267. 161. 488.]
[830. 543. 875. 797. 849. 802. 804. 548.]
[229. 436. 388. 732. 338. 759. 179. 463.]
[700. 250. 855. 388. 837. 407. 682. 269.]
[ 807.  399. 1039.  612. 1012.  642.  780.  429.]
[813. 748. 922. 651. 950. 683. 841. 780.]
[179.  30. 428. 388. 392. 413. 143.  55.]
[326. 398. 862. 532. 843. 609. 307. 475.]
[409.   7. 684. 287. 634. 336. 359.  56.]
[ 873.  340. 1047.   51. 1084.   73.  910.  362.]
[129. 445. 247.  39. 310.  58. 192. 464.]
[429. 668. 573. 325. 624. 347. 480. 690.]
[249. 430. 706. 698. 640. 811. 183. 543.]
[134. 427. 472.  85. 521. 134. 183. 476.]
[482. 487. 679. 764. 639. 792. 442. 515.]
[ 960.  764. 1090.  620. 1103.  633.  973.  777.]
[584.  56. 853. 342. 825. 369. 556.  83.]
[614. 553. 796. 217. 845. 244. 663. 580.]
[ 88. 272. 777. 677. 677. 847. -11. 442.]
[ 757.  360. 1077.  685. 1020.  741.  700.  416.]
[372. 295. 589.  44. 619.  70. 402. 321.]
[299. 589. 531.  62. 600.  92. 368. 619.]
[339. 445. 394. 602. 376. 608. 321. 451.]
[1029.  381. 1045.   82. 1086.   84. 1070.  383.]
[245. 217. 875. 424. 824. 578. 194. 371.]
[571. 170. 613.  87. 636.  99. 594. 182.]
[386. 620. 645. 336. 677. 365. 418. 649.]
[432. 482. 611. 760. 573. 785. 394. 507.]
[613. 708. 633. 498. 656. 501. 636. 711.]
[ 767.   10. 1086.  195. 1060.  239.  741.   54.]
[744. 422. 884.  83. 931. 103. 791. 442.]
[388.  27. 630. 157. 615. 186. 373.  56.]
[291. 501. 547. 250. 570. 274. 314. 525.]
[ 26. 794. 105. 122. 197. 133. 118. 805.]
[477. 321. 704. 567. 666. 602. 439. 356.]
[136. 427. 608. 289. 627. 354. 155. 492.]
[526. 111. 805. 425. 753. 472. 474. 158.]
[609.  78. 902.  17. 910.  55. 617. 116.]
[ 26. 751. 307. 427. 343. 458.  62. 782.]
[148.  39. 276. 309. 245. 324. 117.  54.]
[135. 305. 174. 229. 202. 244. 163. 320.]
[100. 140. 511. -93. 589.  43. 178. 277.]
[ 64. 202. 349. 376. 325. 415.  40. 241.]
[254. 554. 347. 156. 419. 173. 326. 571.]
[412. 611. 542. 226. 625. 254. 495. 639.]
[532. 733. 760. 411. 821. 454. 593. 776.]
[396. 332. 410. 675. 371. 677. 357. 334.]
[ 790.  713. 1109.  476. 1143.  522.  824.  759.]
[199. 344. 345. 642. 298. 665. 152. 367.]
[635. 107. 844. 191. 816. 262. 607. 178.]
[621. 458. 665. 222. 718. 231. 674. 467.]
[531. 595. 835. 354. 872. 402. 568. 643.]
[ 761.  338. 1014.  132. 1042.  167.  789.  373.]
[ 355.  645.  908.  277. 1006.  424.  453.  792.]
[799.  83. 924. 217. 900. 240. 775. 106.]
[281. 445. 589. 657. 552. 710. 244. 498.]
[199. 344. 345. 642. 298. 665. 152. 367.]
[393. 231. 521. 477. 484. 496. 356. 250.]
[ 694.  482.  969.  149. 1023.  193.  748.  526.]
[259. 374. 947. 444. 930. 607. 242. 537.]
[177. 625. 645. 246. 692. 304. 224. 683.]
[407. 353. 515. 475. 494. 494. 386. 372.]
[440. 590. 466. 159. 535. 163. 509. 594.]
[285. 233. 528.   3. 552.  28. 309. 258.]
[440. 590. 466. 159. 535. 163. 509. 594.]
[425. 361. 815. 141. 854. 210. 464. 430.]
[304. 622. 463.  91. 595. 131. 436. 662.]
[282. 146. 593. 384. 547. 445. 236. 207.]
[396. 332. 410. 675. 371. 677. 357. 334.]
[510.  51. 708. 304. 669. 334. 471.  81.]
[ 80. 390. 382.  70. 429. 115. 127. 435.]
[210. 779. 581. 665. 593. 704. 222. 818.]
[733. 353. 838. 495. 812. 514. 707. 372.]
[460. 194. 771. 406. 733. 461. 422. 249.]
[352. 327. 603. 550. 577. 580. 326. 357.]
[558. 392. 638. 252. 667. 269. 587. 409.]
[232. 203. 759. 161. 765. 234. 238. 276.]
[248. 352. 342. 567. 311. 581. 217. 366.]
[299. 216. 727. 307. 714. 367. 286. 276.]
[497.  34. 663. 662. 498. 705. 332.  77.]
[ 896.  725. 1137.  472. 1175.  508.  934.  761.]
[ 686.  539. 1002.  622.  993.  656.  677.  573.]
[726. 316. 888. 387. 875. 417. 713. 346.]
[419. 523. 826.  19. 964. 130. 557. 634.]
[464. 585. 629. 207. 699. 238. 534. 616.]
[1023.  172. 1165.  516. 1120.  535.  978.  191.]
[248. 306. 293. 361. 273. 377. 228. 322.]
[ 92. 353. 667. 147. 715. 282. 140. 488.]
[376. 332. 517.  15. 553.  31. 412. 348.]
[127. 638. 438.  74. 592. 159. 281. 723.]
[670. 513. 896. 400. 907. 422. 681. 535.]
[372. 295. 589.  44. 619.  70. 402. 321.]
[ 930.  375. 1044.  128. 1077.  144.  963.  391.]
[690. 343. 958.  53. 989.  82. 721. 372.]
[303. 587. 573. 262. 628. 308. 358. 633.]
[864. 157. 886. 565. 829. 568. 807. 160.]
[247. 530. 649. 485. 658. 563. 256. 608.]
[ 780.  341. 1068.   80. 1097.  112.  809.  373.]
[438. 413. 682. 187. 713. 220. 469. 446.]
[199. 263. 622.  85. 650. 150. 227. 328.]
[ 93. 274. 488. 475. 458. 533.  63. 332.]
[353. 136. 612. 412. 564. 457. 305. 181.]
[193. 576. 506. 428. 522. 461. 209. 609.]
[323.   8. 586. 257. 554. 291. 291.  42.]
[281. 445. 589. 657. 552. 710. 244. 498.]
[357.  43. 496. 722. 334. 756. 195.  77.]
[181. 280. 490. 519. 444. 579. 135. 340.]
[181. 468. 498. 108. 558. 161. 241. 521.]
[799.  83. 924. 217. 900. 240. 775. 106.]
[ 47.   8. 207. 176. 166. 215.   6.  47.]
[ 783.  299. 1058.  503. 1030.  542.  755.  338.]
[300. 209. 751. 492. 709. 558. 258. 275.]
[382. 125. 473.  12. 495.  30. 404. 143.]
[501. 203. 591. 456. 550. 470. 460. 217.]
[716. 314. 912. 562. 871. 595. 675. 347.]
[345. -12. 813. 384. 700. 516. 232. 119.]
[157. 626. 415. 424. 444. 461. 186. 663.]
[727. 724. 755. 505. 786. 509. 758. 728.]
[300. 644. 531.  90. 687. 155. 456. 709.]
[ 75. 507. 218. 127. 290. 154. 147. 534.]
[  7. 615. 323. 134. 440. 210. 124. 691.]
[ 842.   38. 1041.  265. 1009.  293.  810.   66.]
[ 670.  670.  982.  426. 1017.  471.  705.  715.]
[602. 708. 950. 528. 981. 589. 633. 769.]
[657.  87. 679. 636. 526. 642. 504.  93.]
[304. 560. 921. 465. 931. 535. 314. 630.]
[389. 565. 548. 134. 618. 160. 459. 591.]
[479. 793. 517.  48. 700.  58. 662. 803.]
[680. 500. 957. 253. 991. 291. 714. 538.]
[447. 501. 664. 781. 612. 822. 395. 542.]
[141. 450. 375.  99. 454. 151. 220. 502.]
[ 35. 427. 568. 743. 512. 838. -20. 522.]
[412. 359. 522.  85. 559. 100. 449. 374.]
[315.  43. 339.  90. 322.  98. 298.  51.]
[170. 264. 529. 423. 511. 463. 152. 304.]
[306. 697. 473. 219. 549. 246. 382. 724.]
[407. 644. 497. 489. 514. 499. 424. 654.]
[486. 155. 515. 301. 483. 308. 454. 162.]
[833. 735. 947. 526. 976. 542. 862. 751.]
[ 21. 598. 427.  12. 584. 121. 178. 707.]
[666. 281. 920.  24. 959.  62. 705. 319.]
[677. 260. 905.  39. 938.  73. 710. 294.]
[266. 589. 629. 227. 703. 302. 340. 664.]
[ 898.  640. 1020.  177. 1133.  207. 1011.  670.]
[425. 427. 743. 621. 722. 656. 404. 462.]
[482. 487. 679. 764. 639. 792. 442. 515.]
[528. 803. 630. 636. 661. 654. 559. 821.]
[266. 589. 629. 227. 703. 302. 340. 664.]
[172. 409. 449. 164. 489. 210. 212. 455.]
[537. 273. 652. 611. 592. 632. 477. 294.]
[433. 489. 587. 125. 656. 154. 502. 518.]
[379. 700. 498. 787. 482. 809. 363. 722.]
[138. 572. 349. 316. 377. 339. 166. 595.]
[166. 402. 368. 543. 351. 567. 149. 426.]
[250. 470. 379.  29. 461.  53. 332. 494.]
[601. 320. 947. 396. 936. 443. 590. 367.]
[322. 571. 441. 329. 469. 342. 350. 584.]
[137. 274. 347. 165. 356. 183. 146. 292.]
[447. 501. 664. 781. 612. 822. 395. 542.]
[ 309.  331.  994.   61. 1060.  228.  375.  498.]
[529. 328. 607. 160. 640. 175. 562. 343.]
[571. 170. 613.  87. 636.  99. 594. 182.]
[ 82. 479. 289. 247. 323. 278. 116. 510.]
[197. 526. 531. 591. 520. 647. 186. 582.]
[244. 587. 556.  15. 699.  94. 387. 666.]
[536.  71. 764. 586. 625. 648. 397. 133.]
[449. 594. 624. 746. 608. 765. 433. 613.]
[296. 213. 427. 454. 393. 472. 262. 231.]
[438. 413. 682. 187. 713. 220. 469. 446.]
[633. 612. 813. 325. 848. 347. 668. 634.]
[550. 370. 609. 200. 651. 215. 592. 385.]
[635. 246. 756. 493. 718. 511. 597. 264.]
[175. 233. 642. 509. 572. 626. 105. 350.]
[127. 638. 438.  74. 592. 159. 281. 723.]
[136. 427. 608. 289. 627. 354. 155. 492.]
[390. 261. 439. 650. 375. 658. 326. 269.]
[662. 417. 979. 723. 933. 770. 616. 464.]
[203. 566. 602.  49. 726. 145. 327. 662.]
[258. 287. 403. 579. 357. 602. 212. 310.]
[452. 190. 649. 568. 587. 601. 390. 223.]
[328. 604. 355. 460. 383. 465. 356. 609.]
[157. 624. 408. 103. 474. 135. 223. 656.]
[469.  29. 752. 237. 730. 268. 447.  60.]
[ 50. 333. 121. 400. 105. 416.  34. 349.]
[635. 246. 756. 493. 718. 511. 597. 264.]
[351. 755. 547. 555. 572. 578. 376. 778.]
[394. 348. 834. 187. 855. 245. 415. 406.]
[393. 450. 557. 587. 522. 629. 358. 492.]
[111. 526. 589. 111. 642. 171. 164. 586.]
[389. 565. 548. 134. 618. 160. 459. 591.]
[245. 217. 875. 424. 824. 578. 194. 371.]
[103. 523. 146. 363. 164. 368. 121. 528.]
[226. 607. 526. 298. 573. 344. 273. 653.]
[387. 510. 582. 651. 566. 673. 371. 532.]
[877. 183. 964. 744. 866. 760. 779. 199.]
[ 495.  648.  916.  223. 1018.  325.  597.  750.]
[813. 748. 922. 651. 950. 683. 841. 780.]
[317. 514. 469. 786. 424. 811. 272. 539.]
[325. 362. 848.  63. 884. 125. 361. 424.]
[279. 650. 585. 504. 606. 547. 300. 693.]
[697. 117. 845. 574. 762. 600. 614. 143.]
[547. 214. 834. 519. 766. 583. 479. 278.]
[633. 612. 813. 325. 848. 347. 668. 634.]
[1064.   44. 1195.  487. 1081.  521.  950.   78.]
[304. 298. 556. 535. 521. 573. 269. 336.]
[ 850.  777.  989.  318. 1075.  344.  936.  803.]
[220. 717. 270. 493. 301. 500. 251. 724.]
[571. 653. 816. 785. 802. 812. 557. 680.]
[881. 351. 920. 409. 902. 420. 863. 362.]
[ 409.  348. 1015.  377. 1010.  487.  404.  458.]
[175. 233. 642. 509. 572. 626. 105. 350.]
[ 35. 427. 568. 743. 512. 838. -20. 522.]
[322.  93. 532. 225. 513. 256. 303. 124.]
[ 964.  138. 1001.   45. 1021.   53.  984.  146.]
[523. 155. 913. 455. 868. 514. 478. 214.]
[217. 544. 634. 215. 688. 283. 271. 612.]
[166. 611. 619. 228. 665. 282. 212. 665.]
[489. 425. 636. 152. 672. 172. 525. 445.]
[273. 610. 535.  64. 596.  93. 334. 639.]
[ 88. 272. 777. 677. 677. 847. -11. 442.]
[527. 262. 728. 563. 692. 587. 491. 286.]
[166. 611. 619. 228. 665. 282. 212. 665.]
[784. 429. 864. 281. 895. 298. 815. 446.]
[267.  80. 685. 487. 580. 595. 162. 188.]
[289. 692. 594. 369. 646. 417. 341. 740.]
[ 960.  764. 1090.  620. 1103.  633.  973.  777.]
[757. 125. 961. 352. 926. 384. 722. 157.]
[214. 669. 360. 352. 395. 368. 249. 685.]
[298. 376. 674. 250. 697. 319. 321. 445.]
[280. 271. 439. 438. 399. 476. 240. 309.]
[ 70. 478. 303. 292. 327. 323.  94. 509.]
[524. 662. 681. 440. 705. 457. 548. 679.]
[676. 278. 804.   6. 857.  31. 729. 303.]
[587. 430. 838. 145. 876. 179. 625. 464.]
[119. 758. 392. 381. 448. 421. 175. 798.]
[134. 427. 472.  85. 521. 134. 183. 476.]
[ 34. 163.  57. 210.  37. 220.  14. 173.]
[382. 174. 418. 590. 355. 595. 319. 179.]
[188. 710. 219. 364. 275. 369. 244. 715.]
[531. 595. 835. 354. 872. 402. 568. 643.]
[166. 402. 368. 543. 351. 567. 149. 426.]
[328. 687. 706. 733. 699. 786. 321. 740.]
[477. 321. 704. 567. 666. 602. 439. 356.]
[173. 356. 281.  83. 310.  95. 202. 368.]
[388. 309. 920. 432. 903. 508. 371. 385.]
[170. 544. 210. 375. 235. 381. 195. 550.]
[830. 543. 875. 797. 849. 802. 804. 548.]
[536.  71. 764. 586. 625. 648. 397. 133.]
[729. 713. 828. 573. 860. 596. 761. 736.]
[ 785.  324. 1000.  100. 1028.  127.  813.  351.]
[184. 214. 332. 521. 283. 545. 135. 238.]
[361. 461. 774. 464. 774. 528. 361. 525.]
[614. 553. 796. 217. 845. 244. 663. 580.]
[660. 266. 685. 443. 651. 447. 626. 270.]
[102. 141. 133.  76. 157.  88. 126. 153.]
[210. 116. 244. 453. 207. 457. 173. 120.]
[184. 342. 707. 610. 645. 731. 122. 463.]
[366. 748. 760. 319. 847. 399. 453. 828.]
[482. 487. 679. 764. 639. 792. 442. 515.]
[266. 698. 402. 787. 383. 815. 247. 726.]
[646. 284. 814. 662. 775. 679. 607. 301.]
[128. 334. 568.  35. 635. 133. 195. 432.]
[354. 612. 931. 303. 969. 373. 392. 682.]
[402. 480. 564. 711. 533. 733. 371. 502.]
[ 692.  583.  968.  315. 1019.  368.  743.  636.]
[188. 198. 507. 538. 453. 589. 134. 249.]
[621. 458. 665. 222. 718. 231. 674. 467.]
[ 930.  375. 1044.  128. 1077.  144.  963.  391.]
[304. 298. 556. 535. 521. 573. 269. 336.]
[325. 121. 929. 244. 912. 328. 308. 205.]
[527. 262. 728. 563. 692. 587. 491. 286.]
[303. 587. 573. 262. 628. 308. 358. 633.]
[477. 321. 704. 567. 666. 602. 439. 356.]
[ 795.  116. 1005.  450.  952.  483.  742.  149.]
[657.  87. 679. 636. 526. 642. 504.  93.]
[291. 557. 409. 309. 436. 322. 318. 570.]
[397. 163. 678. 749. 516. 826. 235. 240.]
[ 51. 334. 396. 178. 414. 217.  69. 373.]
[438. 413. 682. 187. 713. 220. 469. 446.]
[ 813.  705.  918.  253. 1000.  272.  895.  724.]
[263. 344. 424. 646. 388. 665. 227. 363.]
[147. 596. 289. 237. 366. 267. 224. 626.]
[ 380.  486. 1146.  413. 1163.  589.  397.  662.]
[ 88. 272. 777. 677. 677. 847. -11. 442.]
[414. 737. 589. 546. 611. 566. 436. 757.]
[661.  25. 977. 375. 918. 428. 602.  78.]
[462. 601. 752. 335. 781. 366. 491. 632.]
[662. 314. 928.  28. 979.  75. 713. 361.]
[103. 523. 146. 363. 164. 368. 121. 528.]
[ 355.  645.  908.  277. 1006.  424.  453.  792.]
[132. 498. 266. 163. 311. 181. 177. 516.]
[363. 218. 431. 244. 422. 265. 354. 239.]
[216. 717. 366. 353. 423. 376. 273. 740.]
[328. 614. 766. 134. 897. 253. 459. 733.]
[177. 625. 645. 246. 692. 304. 224. 683.]
[ 837.  431. 1049.  661. 1020.  688.  808.  458.]
[633. 679. 739. 550. 768. 574. 662. 703.]
[ 23. 360. 100. 451.  78. 469.   1. 378.]
[137. 119. 300. 334. 268. 358. 105. 143.]
[456. 204. 501. 497. 461. 503. 416. 210.]
[ 806.   24. 1017.  634.  863.  687.  652.   77.]
[266. 698. 402. 787. 383. 815. 247. 726.]
[351. 116. 716.   9. 732.  63. 367. 170.]
[ 51. 185. 103. 406.  72. 414.  20. 193.]
[652. 757. 727. 629. 767. 652. 692. 780.]
[ 30. 329. 122.  26. 163.  38.  71. 341.]
[ 857.  346. 1127.  632. 1098.  659.  828.  373.]
[177. 625. 645. 246. 692. 304. 224. 683.]
[236. 463. 630. 517. 621. 582. 227. 528.]
[704. 766. 896. 371. 961. 403. 769. 798.]
[300. 362. 342. 480. 317. 489. 275. 371.]
[457.  -2. 884. 241. 826. 344. 399. 100.]
[322. 571. 441. 329. 469. 342. 350. 584.]
[104.  43. 806. 299. 743. 472.  41. 216.]
[179.  30. 428. 388. 392. 413. 143.  55.]
[527. 262. 728. 563. 692. 587. 491. 286.]
[245. 217. 875. 424. 824. 578. 194. 371.]
[382. 125. 473.  12. 495.  30. 404. 143.]
[ 34. 482. 271. 249. 299. 277.  62. 510.]
[662. 314. 928.  28. 979.  75. 713. 361.]
[675. 254. 697. 302. 676. 311. 654. 263.]
[357. 463. 568. 259. 594. 286. 383. 490.]
[416. 127. 844. 333. 811. 402. 383. 196.]
[741. 644. 891. 376. 910. 387. 760. 655.]
[166. 402. 368. 543. 351. 567. 149. 426.]
[199. 344. 345. 642. 298. 665. 152. 367.]
[ 734.  564. 1070.  740. 1039.  799.  703.  623.]
[442. 292. 665. 111. 693. 145. 470. 326.]
[129. 211. 192. 762. 122. 770.  59. 219.]
[ 75. 447. 261. 736. 218. 764.  32. 475.]
[332. 200. 670. 198. 671. 265. 333. 267.]
[633. 612. 813. 325. 848. 347. 668. 634.]
[1002.  721. 1005.  404. 1045.  404. 1042.  721.]
[524. 662. 681. 440. 705. 457. 548. 679.]
[ 35. 427. 568. 743. 512. 838. -20. 522.]
[304. 298. 556. 535. 521. 573. 269. 336.]
[ 23. 407. 718. 288. 746. 450.  51. 569.]
[ 351.   30. 1049.  340.  974.  509.  276.  199.]
[419.  71. 727. 429. 668. 480. 360. 122.]
[255. 522. 465. 236. 524. 279. 314. 565.]
[141. 450. 375.  99. 454. 151. 220. 502.]
[635. 107. 844. 191. 816. 262. 607. 178.]
[378. 326. 648. 596. 605. 639. 335. 369.]
[ 71. 171. 282. 512. 230. 544.  19. 203.]
[ 68.  46. 328. 261. 303. 291.  43.  76.]
[322.  58. 734. 242. 699. 321. 287. 137.]
[ 87. 738. 351. 450. 392. 487. 128. 775.]
[694. 647. 868. 358. 901. 378. 727. 667.]
[284. 493. 336. 651. 321. 656. 269. 498.]
[542. 682. 702. 150. 771. 171. 611. 703.]
[134. 339. 408. 541. 377. 582. 103. 380.]
[-28. 551. 444. -13. 592. 110. 119. 675.]
[ 409.  348. 1015.  377. 1010.  487.  404.  458.]
[419.  42. 574. 329. 530. 353. 375.  66.]
[661.  25. 977. 375. 918. 428. 602.  78.]
[ 617.  450. 1021.  232. 1056.  297.  652.  515.]
[325. 362. 848.  63. 884. 125. 361. 424.]
[272. 678. 390.  67. 497.  87. 379. 698.]
[658. 301. 848. 572. 811. 598. 621. 327.]
[529. 328. 607. 160. 640. 175. 562. 343.]
[ 82. 586. 317. 777. 281. 821.  46. 630.]
[465. 620. 679. 784. 660. 809. 446. 645.]
[328. 614. 766. 134. 897. 253. 459. 733.]
[571. 170. 613.  87. 636.  99. 594. 182.]
[ 960.  764. 1090.  620. 1103.  633.  973.  777.]
[255. 522. 465. 236. 524. 279. 314. 565.]
[227. 343. 860. 614. 786. 788. 153. 517.]
[305. 474. 410. 170. 452. 185. 347. 489.]
[587. 430. 838. 145. 876. 179. 625. 464.]
[757. 125. 961. 352. 926. 384. 722. 157.]
[154. 402. 342. 758. 267. 797.  79. 441.]
[280. 271. 439. 438. 399. 476. 240. 309.]
[412. 359. 522.  85. 559. 100. 449. 374.]
[ 50. 333. 121. 400. 105. 416.  34. 349.]
[ 91. 228. 669. 510. 604. 643.  26. 361.]
[348. 419. 497.  69. 547.  90. 398. 440.]
[531. 595. 835. 354. 872. 402. 568. 643.]
[193. 576. 506. 428. 522. 461. 209. 609.]
[1017.  379. 1123.   14. 1178.   30. 1072.  395.]
[175. 233. 642. 509. 572. 626. 105. 350.]
[434. 609. 706. 654. 697. 708. 425. 663.]
[465. 620. 679. 784. 660. 809. 446. 645.]
[ 494.  341. 1130.  172. 1173.  332.  537.  501.]
[657.  87. 679. 636. 526. 642. 504.  93.]
[449. 594. 624. 746. 608. 765. 433. 613.]
[316.  11. 506. 622. 339. 674. 149.  63.]
[147. 596. 289. 237. 366. 267. 224. 626.]
[680. 734. 816. 427. 853. 443. 717. 750.]
[413.  20. 871. 507. 750. 621. 292. 134.]
[406. 210. 479.  69. 515.  87. 442. 228.]
[184. 342. 707. 610. 645. 731. 122. 463.]
[225. 498. 263. 801. 232. 805. 194. 502.]
[540.  -9. 694. 286. 643. 313. 489.  17.]
[ 880.  483.  980.   64. 1057.   82.  957.  501.]
[ -6. 484.  97. 393. 122. 423.  18. 514.]
[386. 213. 609.  34. 635.  66. 412. 245.]
[131. 266. 287. 280. 284. 309. 128. 295.]
[ 303.  381. 1001.  493.  974.  660.  276.  548.]
[126. 357. 209. 241. 233. 258. 150. 374.]
[154. 402. 342. 758. 267. 797.  79. 441.]
[482.  58. 748. 343. 717. 371. 451.  86.]
[177. 625. 645. 246. 692. 304. 224. 683.]
[ 41. 435. 275. 257. 302. 292.  68. 470.]
[ 87. 738. 351. 450. 392. 487. 128. 775.]
[116. 158. 700. 434. 633. 577.  49. 301.]
[236. 463. 630. 517. 621. 582. 227. 528.]
[102. 141. 133.  76. 157.  88. 126. 153.]
[  5. 458. 401. 359. 420. 439.  24. 538.]
[486. 155. 515. 301. 483. 308. 454. 162.]
[197.  24. 382. 281. 354. 301. 169.  44.]
[161. 170. 583.  -2. 608.  57. 186. 230.]
[365. 352. 609.  55. 648.  87. 404. 384.]
[378. 326. 648. 596. 605. 639. 335. 369.]
[522. 280. 828.  17. 869.  65. 563. 328.]
[510.  51. 708. 304. 669. 334. 471.  81.]
[ 80. 519. 337. 320. 365. 356. 108. 555.]
[319.  97. 566. 271. 546. 300. 299. 126.]
[628.  -9. 863. 209. 839. 235. 604.  16.]
[119. 535. 423. 330. 460. 384. 156. 589.]
[601. 607. 823. 824. 794. 854. 572. 637.]
[556. 478. 717. 768. 675. 791. 514. 501.]
[403. 206. 674. 502. 620. 551. 349. 255.]
[217. 544. 634. 215. 688. 283. 271. 612.]
[601. 510. 660.  23. 746.  33. 687. 520.]
[247. 513. 255. 702. 238. 702. 230. 513.]
[372. 295. 589.  44. 619.  70. 402. 321.]
[179.  30. 428. 388. 392. 413. 143.  55.]
[259. 374. 947. 444. 930. 607. 242. 537.]
[110. 564. 255.  36. 391.  73. 246. 601.]
[512. 222. 718. -98. 883.   7. 677. 328.]
[220. 717. 270. 493. 301. 500. 251. 724.]
